5 3 0 0 7 0 0 0 0
6 0 0 1 9 5 0 0 0
0 9 8 0 0 0 0 6 0
8 0 0 0 6 0 0 0 3
4 0 0 8 0 3 0 0 1
7 0 0 0 2 0 0 0 6
0 6 0 0 0 0 2 8 0
0 0 0 4 1 9 0 0 5
0 0 0 0 8 0 0 7 9

1 3 5 4 6 9 2 7 8
7 8 2 1 3 5 6 4 9
4 6 9 2 7 8 1 3 5
3 2 1 5 4 6 8 9 7
8 7 4 9 1 3 5 2 6
5 9 6 8 2 7 4 1 3
9 1 7 6 5 2 3 8 4
6 4 3 7 8 1 9 5 2
2 5 8 3 9 4 7 6 1

9 5 6 3 0 8 0 4 0
2 0 0 0 0 0 8 0 7
0 7 8 6 2 1 0 3 0
8 4 0 1 0 7 5 0 6
0 3 0 2 0 6 0 7 9
6 0 7 0 9 0 1 0 3
3 0 4 7 0 5 6 0 2
0 0 1 9 0 0 3 0 8
5 9 0 0 6 3 7 0 4

0 0 3 7 0 4 5 0 0
0 2 0 0 0 0 0 6 0
0 8 0 3 1 6 0 2 0
0 0 0 0 0 0 0 0 0
3 7 0 0 0 0 0 9 2
2 0 4 0 0 0 8 0 6
0 4 0 1 3 5 0 7 0
0 5 0 0 0 0 0 4 0
0 0 1 6 0 7 2 0 0




        for(int v=0;v<=80;v++)
        {
            for(int o=0;o<=8;o++)
            {
                printf("%d",candidate[o][v]);
            }
            printf("\n");
        }